<?xml version="1.0"?>
<opencv_storage>
<x>1.0830448913574219e+02</x>
<y>9.8104476928710938e+01</y>
<w>1.8521717071533203e+01</w>
<h>1.9999708175659180e+01</h>
<a>1.2395055389404297e+02</a>
</opencv_storage>
