<?xml version="1.0"?>
<opencv_storage>
<x>1.1815737915039063e+02</x>
<y>9.7686874389648438e+01</y>
<w>1.7947694778442383e+01</w>
<h>1.9355165481567383e+01</h>
<a>1.2445713806152344e+02</a>
</opencv_storage>
