<?xml version="1.0"?>
<opencv_storage>
<x>9.6175308227539063e+01</x>
<y>9.7248794555664063e+01</y>
<w>1.8415802001953125e+01</w>
<h>1.9683069229125977e+01</h>
<a>1.3588128662109375e+02</a>
</opencv_storage>
