<?xml version="1.0"?>
<opencv_storage>
<x>1.2712689208984375e+02</x>
<y>9.7599655151367188e+01</y>
<w>1.8166196823120117e+01</w>
<h>1.9960044860839844e+01</h>
<a>1.2876318359375000e+02</a>
</opencv_storage>
