<?xml version="1.0"?>
<opencv_storage>
<x>1.1511129760742188e+02</x>
<y>9.7069137573242188e+01</y>
<w>1.7911022186279297e+01</w>
<h>1.9409345626831055e+01</h>
<a>1.2603734588623047e+02</a>
</opencv_storage>
