<?xml version="1.0"?>
<opencv_storage>
<x>1.2608648681640625e+02</x>
<y>9.7507431030273438e+01</y>
<w>1.7756725311279297e+01</w>
<h>1.9264703750610352e+01</h>
<a>1.2999020385742188e+02</a>
</opencv_storage>
