<?xml version="1.0"?>
<opencv_storage>
<x>1.5201998901367188e+02</x>
<y>9.7088821411132813e+01</y>
<w>1.8286827087402344e+01</w>
<h>1.9839468002319336e+01</h>
<a>1.3184069824218750e+02</a>
</opencv_storage>
