<?xml version="1.0"?>
<opencv_storage>
<x>1.3004211425781250e+02</x>
<y>9.7337661743164063e+01</y>
<w>1.8262153625488281e+01</w>
<h>1.9943107604980469e+01</h>
<a>1.3334683227539063e+02</a>
</opencv_storage>
