<?xml version="1.0"?>
<opencv_storage>
<x>1.0793688201904297e+02</x>
<y>7.0056167602539063e+01</y>
<w>2.8051746368408203e+01</w>
<h>2.9754417419433594e+01</h>
<a>7.1631546020507813e+01</a>
</opencv_storage>
