<?xml version="1.0"?>
<opencv_storage>
<x>8.3168907165527344e+01</x>
<y>7.1128860473632813e+01</y>
<w>2.7431011199951172e+01</w>
<h>3.0007339477539063e+01</h>
<a>7.8409271240234375e+01</a>
</opencv_storage>
