<?xml version="1.0"?>
<opencv_storage>
<x>8.1158279418945313e+01</x>
<y>8.1241088867187500e+01</y>
<w>2.8148468017578125e+01</w>
<h>2.9019002914428711e+01</h>
<a>5.6196525573730469e+01</a>
</opencv_storage>
