<?xml version="1.0"?>
<opencv_storage>
<x>5.9395866394042969e+01</x>
<y>6.9962081909179688e+01</y>
<w>2.8020086288452148e+01</w>
<h>2.9795383453369141e+01</h>
<a>6.8363014221191406e+01</a>
</opencv_storage>
