<?xml version="1.0"?>
<opencv_storage>
<x>1.3581636047363281e+02</x>
<y>9.6286888122558594e+01</y>
<w>1.8056190490722656e+01</w>
<h>2.0347393035888672e+01</h>
<a>1.2448686218261719e+02</a>
</opencv_storage>
