<?xml version="1.0"?>
<opencv_storage>
<x>1.3885476684570313e+02</x>
<y>1.1848527526855469e+02</y>
<w>3.5404438018798828e+01</w>
<h>4.8286884307861328e+01</h>
<a>1.4563296508789063e+02</a>
</opencv_storage>
