<?xml version="1.0"?>
<opencv_storage>
<x>1.3875505065917969e+02</x>
<y>1.1837674713134766e+02</y>
<w>3.5616752624511719e+01</w>
<h>4.8064395904541016e+01</h>
<a>1.4557197570800781e+02</a>
</opencv_storage>
