<?xml version="1.0"?>
<opencv_storage>
<x>1.3913136291503906e+02</x>
<y>1.2169216918945313e+02</y>
<w>3.6676212310791016e+01</w>
<h>4.8807113647460938e+01</h>
<a>1.5153968811035156e+02</a>
</opencv_storage>
