<?xml version="1.0"?>
<opencv_storage>
<x>1.3908489990234375e+02</x>
<y>1.2145838928222656e+02</y>
<w>3.5171829223632813e+01</w>
<h>4.7525379180908203e+01</h>
<a>1.5079957580566406e+02</a>
</opencv_storage>
