<?xml version="1.0"?>
<opencv_storage>
<x>9.3432708740234375e+01</x>
<y>9.8220878601074219e+01</y>
<w>1.8414482116699219e+01</w>
<h>1.9636457443237305e+01</h>
<a>1.3718089294433594e+02</a>
</opencv_storage>
