<?xml version="1.0"?>
<opencv_storage>
<x>1.3650976562500000e+02</x>
<y>9.7800498962402344e+01</y>
<w>1.8379219055175781e+01</w>
<h>1.9695137023925781e+01</h>
<a>1.3036630249023438e+02</a>
</opencv_storage>
