<?xml version="1.0"?>
<opencv_storage>
<x>1.3930577087402344e+02</x>
<y>1.2127214050292969e+02</y>
<w>3.5352928161621094e+01</w>
<h>4.7490768432617188e+01</h>
<a>1.5120126342773438e+02</a>
</opencv_storage>
