<?xml version="1.0"?>
<opencv_storage>
<x>1.3919882202148438e+02</x>
<y>1.2108905792236328e+02</y>
<w>3.5052661895751953e+01</w>
<h>4.7798145294189453e+01</h>
<a>1.5092335510253906e+02</a>
</opencv_storage>
