<?xml version="1.0"?>
<opencv_storage>
<x>1.3919042968750000e+02</x>
<y>1.2102828979492188e+02</y>
<w>3.5098506927490234e+01</w>
<h>4.7699523925781250e+01</h>
<a>1.5031726074218750e+02</a>
</opencv_storage>
