<?xml version="1.0"?>
<opencv_storage>
<x>1.0196273040771484e+02</x>
<y>7.5043090820312500e+01</y>
<w>2.7713680267333984e+01</w>
<h>2.9597381591796875e+01</h>
<a>6.7225852966308594e+01</a>
</opencv_storage>
