<?xml version="1.0"?>
<opencv_storage>
<x>1.3914570617675781e+02</x>
<y>1.2102218627929688e+02</y>
<w>3.5148422241210938e+01</w>
<h>4.7761692047119141e+01</h>
<a>1.5050555419921875e+02</a>
</opencv_storage>
