<?xml version="1.0"?>
<opencv_storage>
<x>1.3907531738281250e+02</x>
<y>1.2105707550048828e+02</y>
<w>3.5546768188476563e+01</w>
<h>4.8079319000244141e+01</h>
<a>1.5101301574707031e+02</a>
</opencv_storage>
