<?xml version="1.0"?>
<opencv_storage>
<x>1.3907940673828125e+02</x>
<y>1.2115202331542969e+02</y>
<w>3.5424102783203125e+01</w>
<h>4.8196357727050781e+01</h>
<a>1.5045280456542969e+02</a>
</opencv_storage>
