<?xml version="1.0"?>
<opencv_storage>
<x>6.3595390319824219e+01</x>
<y>7.9494781494140625e+01</y>
<w>2.8483915328979492e+01</w>
<h>2.9840986251831055e+01</h>
<a>6.1240364074707031e+01</a>
</opencv_storage>
